 0.0844   0.972 -0.2192
 0.9035 -0.0149  0.4283
-0.9952  0.0071  0.0974
-0.6993 -0.1385 -0.7012
 0.0734  0.6014 -0.7956
-0.1967  0.5485  0.8127
-0.6753 -0.3931   0.624
-0.4163  0.5869 -0.6945


vn 0.0844 0.9720 -0.2192
vn 0.9035 -0.0149 0.4283
vn -0.9952 0.0071 0.0974
vn -0.6993 -0.1385 -0.7012
vn 0.0734 0.6014 -0.7956
vn -0.1967 0.5485 0.8127
vn -0.6753 -0.3931 0.6240
vn -0.4163 0.5869 -0.6945
vn 0.9036 -0.4224 -0.0716
vn 0.9027 0.0357 0.4289
vn -0.0110 -0.9997 -0.0235
vn -0.4309 -0.6218 0.6539